<?xml version="1.0" encoding="UTF-8" standalone="no" ?>
<LXFML versionMajor="5" versionMinor="0" name="blocker">
  <Meta>
    <Application name="LEGO Digital Designer" versionMajor="4" versionMinor="3"/>
    <Brand name="LDD"/>
    <BrickSet version="835.4"/>
  </Meta>
  <Cameras>
    <Camera refID="0" fieldOfView="80" distance="69.282173156738281" transformation="0.9779476523399353,0,-0.2088502049446106,-0.065792359411716461,0.94908446073532104,-0.30807477235794067,0.19821648299694061,0.31502175331115723,0.92815494537353516,13.732868194580078,21.82539176940918,64.304588317871094"/>
  </Cameras>
  <Bricks cameraRef="0">
    <Brick refID="0" designID="6141" itemNos="614101">
      <Part refID="0" designID="6141" materials="1">
        <Bone refID="0" transformation="-0.89717578887939453,0.43895679712295532,0.048927158117294312,0.043948084115982056,-0.021504292264580727,0.99880248308181763,0.43948343396186829,0.89825129508972168,0,0.049205780029296875,2.1224794387817383,0.65074348449707031">
        </Bone>
      </Part>
    </Brick>
    <Brick refID="1" designID="4070" itemNos="407026">
      <Part refID="1" designID="4070" materials="26">
        <Bone refID="1" transformation="0.89717608690261841,-0.43895676732063293,-0.048927158117294312,0.43948331475257874,0.89825147390365601,0,0.043948091566562653,-0.021504245698451996,0.99880248308181763,-0.20745211839675903,1.624619722366333,0.41103029251098633">
        </Bone>
      </Part>
    </Brick>
    <Brick refID="2" designID="60478" itemNos="4515368">
      <Part refID="2" designID="60478" materials="26">
        <Bone refID="2" transformation="-0.89825159311294556,0.43948304653167725,0,0.43948328495025635,0.8982512354850769,0,0,0,-1,-0.3480871319770813,1.3371795415878296,0.41102930903434753">
        </Bone>
      </Part>
    </Brick>
    <Brick refID="3" designID="2555" itemNos="255526">
      <Part refID="3" designID="2555" materials="26">
        <Bone refID="3" transformation="1.0000001192092896,0,0,0,1.0000002384185791,0,0,0,1.0000001192092896,0.47933006286621094,0.63999968767166138,0.39803409576416016">
        </Bone>
      </Part>
    </Brick>
    <Brick refID="4" designID="3623" itemNos="362326">
      <Part refID="4" designID="3623" materials="26">
        <Bone refID="4" transformation="1.0000001192092896,0,0,0,1.0000002384185791,0,0,0,1.0000001192092896,-1.1999984979629517,0.32000112533569336,0.4000001847743988">
        </Bone>
      </Part>
    </Brick>
    <Brick refID="5" designID="6141" itemNos="614126">
      <Part refID="5" designID="6141" materials="26">
        <Bone refID="5" transformation="1.0000001192092896,0,0,0,1.0000002384185791,0,0,0,1.0000001192092896,0.4000009298324585,0,0.4000001847743988">
        </Bone>
      </Part>
    </Brick>
    <Brick refID="6" designID="6141" itemNos="614126">
      <Part refID="6" designID="6141" materials="26">
        <Bone refID="6" transformation="1.0000001192092896,0,0,0,1.0000002384185791,0,0,0,1.0000001192092896,-1.1999984979629517,0,0.4000001847743988">
        </Bone>
      </Part>
    </Brick>
    <Brick refID="7" designID="3021" itemNos="302126">
      <Part refID="7" designID="3021" materials="26">
        <Bone refID="7" transformation="0,0,-1.0000001192092896,0,1.0000002384185791,0,1.0000001192092896,0,0,-0.39999783039093018,0.64000123739242554,0.40000113844871521">
        </Bone>
      </Part>
    </Brick>
    <Brick refID="8" designID="3623" itemNos="362326">
      <Part refID="8" designID="3623" materials="26">
        <Bone refID="8" transformation="1.0000001192092896,0,0,0,1.0000002384185791,0,0,0,1.0000001192092896,-1.1999980211257935,0.32000112533569336,-1.199999213218689">
        </Bone>
      </Part>
    </Brick>
    <Brick refID="9" designID="2555" itemNos="255526">
      <Part refID="9" designID="2555" materials="26">
        <Bone refID="9" transformation="1.0000001192092896,0,0,0,1.0000002384185791,0,0,0,1.0000001192092896,0.4000009298324585,0.64000123739242554,-1.1999988555908203">
        </Bone>
      </Part>
    </Brick>
    <Brick refID="10" designID="6141" itemNos="614126">
      <Part refID="10" designID="6141" materials="26">
        <Bone refID="10" transformation="1.0000001192092896,0,0,0,1.0000002384185791,0,0,0,1.0000001192092896,0.4000009298324585,0,-1.1999987363815308">
        </Bone>
      </Part>
    </Brick>
    <Brick refID="11" designID="6141" itemNos="614126">
      <Part refID="11" designID="6141" materials="26">
        <Bone refID="11" transformation="1.0000001192092896,0,0,0,1.0000002384185791,0,0,0,1.0000001192092896,-1.1999980211257935,0,-1.199999213218689">
        </Bone>
      </Part>
    </Brick>
    <Brick refID="12" designID="6141" itemNos="4211525">
      <Part refID="12" designID="6141" materials="194">
        <Bone refID="12" transformation="-0.89825171232223511,0.4394831657409668,0,0.43948337435722351,0.89825153350830078,0,0,0,-1.0000002384185791,-1.7852902412414551,2.0403523445129395,0.41102409362792969">
        </Bone>
      </Part>
    </Brick>
    <Brick refID="13" designID="3002" itemNos="300226">
      <Part refID="13" designID="3002" materials="26">
        <Bone refID="13" transformation="0,0,-1.0000001192092896,0.43948331475257874,0.89825129508972168,0,0.89825147390365601,-0.43948310613632202,0,-0.92605376243591309,1.9762063026428223,0.41102677583694458">
        </Bone>
      </Part>
    </Brick>
    <Brick refID="14" designID="6141" itemNos="4211525">
      <Part refID="14" designID="6141" materials="194">
        <Bone refID="14" transformation="-0.89825147390365601,0.43948310613632202,0,0.43948331475257874,0.89825129508972168,0,0,0,-1.0000001192092896,-1.7852838039398193,2.0403525829315186,-1.1889759302139282">
        </Bone>
      </Part>
    </Brick>
    <Brick refID="15" designID="3005" itemNos="300526">
      <Part refID="15" designID="3005" materials="26,0" decoration="0">
        <Bone refID="15" transformation="0.89825165271759033,-0.43948313593864441,0,0.43948334455490112,0.89825147390365601,0,0,0,1.0000002384185791,-0.20744943618774414,1.624619722366333,-0.38896942138671875">
        </Bone>
      </Part>
    </Brick>
    <Brick refID="16" designID="3023" itemNos="302326">
      <Part refID="16" designID="3023" materials="26">
        <Bone refID="16" transformation="0.89825135469436646,-0.43948304653167725,0,0.43948325514793396,0.89825117588043213,0,0,0,0.99999964237213135,-1.0666850805282593,1.6887655258178711,-0.38897302746772766">
        </Bone>
      </Part>
    </Brick>
    <Brick refID="17" designID="4070" itemNos="407026">
      <Part refID="17" designID="4070" materials="26">
        <Bone refID="17" transformation="-0.89825159311294556,0.43948313593864441,0,0.43948334455490112,0.89825147390365601,0,0,0,-1.0000002384185791,-0.20744609832763672,1.6246196031570435,-1.188969612121582">
        </Bone>
      </Part>
    </Brick>
    <Brick refID="18" designID="60478" itemNos="4515368">
      <Part refID="18" designID="60478" materials="26">
        <Bone refID="18" transformation="-0.89825165271759033,0.43948331475257874,0,0.43948346376419067,0.89825171232223511,0,0,0,-1.0000002384185791,-0.42741656303405762,1.3371809720993042,-1.187002420425415">
        </Bone>
      </Part>
    </Brick>
    <Brick refID="19" designID="6141" itemNos="614101">
      <Part refID="19" designID="6141" materials="1">
        <Bone refID="19" transformation="0.89825171232223511,-0.43948319554328918,0,0,0,-1.0000001192092896,0.43948337435722351,0.89825171232223511,0,0.038665566593408585,2.1276407241821289,-1.4289686679840088">
        </Bone>
      </Part>
    </Brick>
  </Bricks>
  <RigidSystems>
    <RigidSystem>
      <Rigid refID="0" transformation="-0.89717578887939453,0.43895679712295532,0.048927158117294312,0.043948084115982056,-0.021504292264580727,0.99880248308181763,0.43948343396186829,0.89825129508972168,0,0.049205780029296875,2.1224794387817383,0.65074348449707031" boneRefs="0,1,2"/>
      <Rigid refID="1" transformation="1.0000001192092896,0,0,0,1.0000002384185791,0,0,0,1.0000001192092896,0.47933006286621094,0.63999968767166138,0.39803409576416016" boneRefs="3,4,5,6,7,8,9,10,11"/>
      <Rigid refID="2" transformation="-0.89825171232223511,0.4394831657409668,0,0.43948337435722351,0.89825153350830078,0,0,0,-1.0000002384185791,-1.7852902412414551,2.0403523445129395,0.41102409362792969" boneRefs="12,13,14"/>
      <Rigid refID="3" transformation="0.89825165271759033,-0.43948313593864441,0,0.43948334455490112,0.89825147390365601,0,0,0,1.0000002384185791,-0.20744943618774414,1.624619722366333,-0.38896942138671875" boneRefs="15,16"/>
      <Rigid refID="4" transformation="-0.89825159311294556,0.43948313593864441,0,0.43948334455490112,0.89825147390365601,0,0,0,-1.0000002384185791,-0.20744609832763672,1.6246196031570435,-1.188969612121582" boneRefs="17,18,19"/>
      <Joint type="hinge">
        <RigidRef rigidRef="2" a="0,1,0" z="-1,0,0" t="-0.80000036954879761,0.32000020146369934,0"/>
        <RigidRef rigidRef="0" a="0,0,1" z="-0.048930879682302475,-0.99880218505859375,0" t="0.79904186725616455,-0.27914470434188843,-0.55999994277954102"/>
      </Joint>
      <Joint type="hinge">
        <RigidRef rigidRef="1" a="0,0,1" z="1,0,0" t="0,0.56800001859664917,-0.1600000411272049"/>
        <RigidRef rigidRef="0" a="0.048930879682302475,0.99880218505859375,0" z="0,0,1" t="-0.80750656127929688,-0.37364614009857178,-0.63239961862564087"/>
      </Joint>
      <Joint type="hinge">
        <RigidRef rigidRef="1" a="0,0,1" z="1,0,0" t="-0.079329222440719604,0.56800156831741333,-1.7580327987670898"/>
        <RigidRef rigidRef="4" a="0,0,-1" z="0,1,0" t="-0.72873598337173462,-0.10726512968540192,0.17103128135204315"/>
      </Joint>
      <Joint type="hinge">
        <RigidRef rigidRef="4" a="0,1,0" z="0,0,1" t="0.87126433849334717,-0.034864891320466995,-0.0019678666722029448"/>
        <RigidRef rigidRef="2" a="0,1,0" z="-1,0,0" t="-0.80000036954879761,0.32000020146369934,1.6000007390975952"/>
      </Joint>
      <Joint type="hinge">
        <RigidRef rigidRef="3" a="0,1,0" z="0,0,1" t="-0.79999959468841553,0,0"/>
        <RigidRef rigidRef="2" a="0,1,0" z="-1,0,0" t="-0.80000036954879761,0.32000020146369934,0.80000090599060059"/>
      </Joint>
    </RigidSystem>
  </RigidSystems>
  <GroupSystems>
    <GroupSystem>
      <Group transformation="1,0,0,0,1,0,0,0,1,0,0,0" pivot="0,0,0" partRefs=""/>
      <Group transformation="1,0,0,0,1,0,0,0,1,0,0,0" pivot="0,0,0" partRefs=""/>
    </GroupSystem>
  </GroupSystems>
  <BuildingInstructions>
  </BuildingInstructions>
</LXFML>
